626 372 635 371 630 393 618 393 $
637 372 644 369 639 389 632 389 1
644 370 653 370 649 388 640 389 0
653 369 664 367 661 388 650 388 8
691 390 701 390 699 405 690 404 $
702 391 709 391 708 404 701 404 1
711 391 720 390 719 405 709 404 5
721 392 730 393 729 405 720 404 0
787 193 801 191 801 231 782 232 d
802 201 815 198 816 227 802 229 E
816 199 829 197 830 226 816 228 N
828 187 837 185 837 225 830 226 i
837 194 855 192 856 224 836 226 Z
855 193 871 190 872 221 856 223 E
872 190 891 186 892 219 873 223 N
