333 513 365 512 383 570 346 571 2
370 515 397 515 416 568 386 572 0
381 444 385 433 403 434 402 445 U
385 434 389 420 407 421 404 433 N
390 420 391 412 411 413 409 421 S
391 411 394 404 414 406 412 413 E
396 404 399 397 414 397 415 403 E
400 395 400 384 422 385 416 398 N
406 651 416 652 413 662 405 662 F
418 651 429 651 426 663 418 663 O
431 652 441 652 439 664 426 664 O
443 652 454 652 453 663 441 663 D
579 393 576 382 596 380 598 391 U
577 382 575 370 592 368 595 378 N
576 371 575 364 592 361 593 369 S
573 366 571 356 589 353 592 360 E
570 357 570 350 588 347 591 353 E
569 350 567 339 585 337 588 347 N
759 650 772 650 770 668 760 666 G
772 651 781 651 782 665 771 665 G
782 651 793 651 792 666 784 666 U
794 652 801 653 801 668 795 667 L
801 653 813 653 812 667 801 666 D
814 654 823 652 821 666 813 665 E
822 652 834 651 833 665 822 665 N
794 474 794 464 823 465 821 475 B
792 461 792 448 820 450 819 459 E
796 447 791 438 819 436 819 447 A
793 436 791 424 819 424 819 436 S
790 423 790 414 818 415 818 423 T
737 356 737 349 764 349 764 356 C
738 348 739 345 762 344 762 348 I
737 344 737 339 764 339 763 343 T
737 339 738 330 764 331 764 338 Y
765 337 765 330 792 329 791 336 L
766 330 766 322 791 322 791 328 O
766 321 766 315 792 315 791 322 S
765 315 765 309 791 309 791 314 T
312 536 340 535 348 569 322 569 $
