301 3 381 19 361 99 311 90 W
366 78 389 79 388 103 363 97 .
388 22 439 30 438 111 389 101 E
438 86 458 89 456 112 437 109 .
488 45 552 58 541 117 503 114 W
554 59 591 64 588 125 542 116 O
592 66 626 74 633 131 592 124 R
630 72 668 79 671 137 634 132 K
670 83 697 88 698 142 672 136 S
700 89 732 96 733 144 698 140 H
735 96 759 102 759 147 733 144 O
760 103 783 106 785 151 761 150 P
783 105 805 108 808 156 785 153 E
1001 245 1016 244 1014 255 1006 256 W
1016 244 1022 244 1025 255 1015 255 A
1022 243 1031 243 1032 253 1025 255 L
1031 242 1038 241 1041 254 1031 254 K
1039 242 1047 241 1048 253 1042 253 I
1048 241 1057 241 1060 254 1048 254 N
