651 176 663 175 664 194 652 194 E
664 179 678 178 680 192 666 193 m
678 179 688 179 688 191 679 191 e
688 178 694 178 693 192 687 193 r
694 178 701 177 702 194 694 194 g
701 176 710 176 711 191 701 191 e
712 177 720 177 720 190 712 189 n
720 177 729 175 728 189 721 190 c
729 175 740 175 736 193 731 193 y
742 173 749 173 750 189 743 189 S
750 174 754 174 755 186 750 186 t
754 175 763 174 764 187 756 187 o
763 175 775 175 773 191 764 192 p
686 196 696 195 697 212 686 213 P
697 196 702 196 702 213 699 212 l
702 198 711 199 712 211 704 211 u
712 200 719 200 721 212 714 213 n
722 199 728 198 731 213 722 213 g
730 198 737 198 737 209 731 209 e
738 197 746 196 743 210 737 211 r
