294 314 303 314 302 325 293 323 O
304 313 311 313 310 324 303 324 F
311 313 318 312 318 324 311 324 F
268 327 275 326 276 337 269 338 S
277 326 284 326 285 336 277 337 E
284 326 293 325 294 335 286 337 A
294 325 300 324 301 335 295 336 S
300 325 310 324 309 335 301 336 O
311 324 319 324 319 334 310 335 N
255 338 272 337 273 356 254 357 S
273 338 286 338 291 356 271 356 A
288 337 303 336 305 354 289 354 L
304 336 320 335 321 354 305 355 E
284 361 297 360 299 378 284 378 6
297 359 309 359 310 377 298 376 0
310 359 321 357 323 369 310 370 %
