828 436 843 431 837 468 825 468 C
840 440 847 439 846 459 837 460 o
848 435 856 432 856 453 846 456 c
857 429 868 426 866 449 855 451 a
871 409 890 406 884 448 867 448 C
887 424 893 421 894 443 885 444 o
894 406 903 406 901 439 894 441 l
903 413 915 411 914 432 903 437 a
713 612 728 609 715 662 707 661 C
723 621 734 619 732 648 721 650 o
735 610 748 609 744 641 733 642 c
749 605 759 603 758 637 747 637 a
768 579 789 580 781 633 763 633 C
786 599 796 597 794 626 780 627 o
796 572 810 571 802 617 795 617 l
807 590 816 588 813 618 801 617 a
