438 3 484 4 481 60 434 57 S
483 5 526 6 522 63 483 60 P
527 7 576 10 574 68 526 62 O
579 12 621 13 622 72 572 66 R
621 15 661 18 649 73 628 72 T
663 17 698 23 694 74 651 70 S
1169 58 1194 58 1198 103 1160 98 S
1192 57 1222 57 1218 104 1199 105 T
1222 62 1250 62 1250 111 1219 105 O
1252 63 1278 64 1277 110 1248 107 R
569 282 577 278 579 300 569 304 C
578 279 585 276 587 298 580 301 L
586 276 595 274 597 296 589 297 O
597 274 605 271 605 293 598 295 S
606 270 611 269 610 292 605 291 I
609 269 619 266 619 288 610 291 N
619 266 627 263 628 285 620 288 G
572 308 586 304 584 331 570 335 D
585 303 598 300 599 329 587 331 O
598 300 615 294 614 322 599 327 W
616 295 626 290 628 317 618 321 N
572 338 587 333 585 363 574 365 S
588 335 598 330 599 358 587 362 A
600 330 608 327 610 354 602 356 L
609 327 619 322 622 351 611 353 E
619 322 627 319 628 349 621 350 !
