41 94 73 98 75 168 47 170 F
76 102 125 107 131 174 78 171 U
130 109 160 112 163 175 132 177 J
165 115 178 116 185 179 168 178 I
183 118 213 120 217 181 189 179 F
215 122 227 124 233 180 219 181 I
232 126 252 129 260 183 236 181 L
255 130 287 133 294 185 261 184 M
404 25 415 27 423 94 409 89 J
415 29 422 32 430 95 424 94 I
422 32 438 40 446 101 431 97 M
128 528 149 518 153 541 135 548 E
150 517 168 509 174 530 154 540 X
169 508 190 499 192 520 174 529 R
157 654 175 642 180 663 163 674 E
175 640 193 627 198 649 181 660 X
193 627 213 615 216 635 199 647 R
395 261 402 260 405 283 399 285 E
402 262 409 262 410 282 404 282 V
410 263 414 262 417 279 411 280 E
415 263 419 262 423 277 417 279 R
420 261 427 260 429 277 423 278 L
426 260 430 259 434 276 429 277 A
431 258 436 256 440 278 434 277 S
435 256 442 254 446 279 440 278 T
