196 238 203 238 205 268 189 266 A
205 245 212 246 211 263 205 263 c
211 246 217 246 217 264 210 265 c
218 246 224 246 223 266 217 266 e
225 248 229 248 229 266 221 265 s
230 248 237 249 236 266 230 266 s
238 250 243 251 242 267 236 267 o
244 252 249 253 247 267 242 267 r
249 246 253 245 252 268 247 268 i
253 253 259 254 258 271 253 269 z
260 255 265 255 265 271 258 270 e
441 298 453 299 453 338 440 338 S
455 298 464 299 468 338 454 338 A
468 301 478 301 482 336 469 336 L
479 300 492 300 496 337 483 337 E
361 429 368 429 365 441 359 440 S
368 429 376 431 375 441 366 441 A
377 430 380 429 382 441 376 441 L
380 430 385 430 387 441 382 441 E
180 616 204 619 185 632 159 630 M
204 620 217 621 204 635 188 631 a
219 619 232 621 218 635 206 632 s
235 619 244 620 229 635 222 634 t
245 621 260 623 249 636 233 632 e
259 623 273 624 259 637 250 635 r
278 619 295 622 278 639 262 636 C
296 624 309 625 294 641 282 638 a
310 625 322 626 306 639 298 638 r
330 620 344 624 329 642 309 637 d
739 204 769 202 769 239 739 238 H
770 204 796 202 799 237 767 237 O
797 204 823 202 823 238 801 238 T
823 203 848 202 849 238 823 238 E
851 201 869 199 872 236 850 237 L
872 200 901 201 898 239 874 240 S
806 244 815 244 814 257 807 257 F
815 247 819 247 819 256 815 257 a
820 244 824 244 824 256 821 256 i
824 247 828 247 828 256 824 256 r
828 247 837 247 837 257 829 257 m
837 246 843 246 844 256 837 257 o
843 247 849 246 850 256 843 256 n
850 245 854 245 855 256 850 256 t
857 245 862 245 863 256 855 257 S
862 244 866 243 867 256 864 256 i
866 246 872 246 873 256 868 258 n
872 246 878 245 879 258 872 257 g
878 245 885 245 885 255 880 255 a
886 246 891 245 891 258 885 258 p
892 245 897 245 897 256 892 257 o
897 246 902 245 902 257 897 257 r
903 245 909 245 908 257 902 256 e
744 295 750 294 749 304 743 301 P
749 295 754 295 754 304 749 302 r
755 296 758 296 757 304 754 303 e
758 296 763 296 763 304 758 304 g
763 295 769 295 768 303 763 303 o
785 303 792 302 792 313 785 314 C
792 305 796 305 796 313 792 313 o
797 304 803 304 803 312 797 312 u
803 303 808 303 809 313 804 314 t
816 303 825 302 823 312 815 312 K
824 303 828 303 827 314 823 314 t
828 304 832 304 831 312 827 313 c
832 301 836 301 837 312 830 312 h
837 304 842 304 842 312 837 312 e
842 304 847 304 848 311 842 311 n
851 322 859 321 858 332 852 333 T
859 321 864 321 865 332 859 332 h
865 324 871 324 871 332 865 332 e
873 320 880 320 881 333 874 333 S
881 322 885 322 885 333 881 333 t
885 323 890 323 891 333 886 332 a
891 323 899 324 899 331 891 332 m
899 320 903 320 904 333 899 333 t
904 323 909 323 910 333 904 334 o
909 323 914 323 914 333 910 334 r
915 320 920 320 921 332 914 332 d
941 284 946 284 948 293 942 293 L
947 285 952 284 952 293 948 293 e
952 285 957 285 957 293 953 293 v
957 285 961 285 962 293 957 293 e
962 284 965 283 965 293 962 295 l
765 333 772 332 771 344 764 344 S
771 336 778 336 777 342 771 342 w
777 333 780 333 780 345 778 345 i
780 336 784 335 785 343 780 342 s
785 335 790 335 790 342 785 342 s
785 409 791 410 791 418 784 417 E
791 410 796 410 796 419 791 417 a
797 410 801 409 800 419 796 418 r
945 419 952 419 953 428 946 428 L
953 421 957 420 959 428 954 429 e
958 421 963 420 963 428 960 428 v
964 422 967 422 968 428 964 427 e
966 418 970 418 971 430 968 430 l
1028 351 1068 354 1060 403 1030 405 F
1073 355 1114 354 1115 403 1063 403 O
1119 356 1159 355 1162 405 1115 403 O
1162 355 1207 355 1206 403 1159 406 D
1031 407 1054 407 1054 432 1031 431 D
1053 406 1061 406 1062 432 1054 432 I
1062 406 1082 407 1085 433 1064 432 R
1083 407 1104 406 1105 434 1085 433 E
1104 406 1124 407 1127 433 1106 433 C
1124 407 1144 407 1139 434 1126 433 T
1145 407 1163 407 1166 432 1139 432 O
1164 407 1185 408 1189 433 1166 433 R
1185 407 1207 406 1201 433 1189 433 Y
