997 264 1014 262 1013 290 1000 290 p
1015 262 1026 260 1029 279 1015 281 s
1026 253 1044 250 1045 276 1029 279 b
1066 400 1073 398 1077 409 1071 410 t
1074 397 1080 396 1083 409 1078 409 i
1082 401 1097 398 1100 410 1086 413 m
1099 398 1109 396 1112 410 1099 412 e
1114 393 1125 390 1127 408 1117 409 d
1125 389 1131 387 1133 408 1128 408 i
1131 393 1143 394 1145 410 1134 411 p
1142 388 1148 387 1150 405 1145 405 l
1148 393 1160 390 1162 404 1151 406 o
1161 391 1176 388 1179 401 1161 405 m
1178 390 1188 387 1191 401 1181 402 a
