676 225 687 222 688 242 678 243 P
687 222 698 217 700 237 687 240 O
699 217 710 213 713 233 701 236 N
710 212 718 210 718 232 714 233 T
719 209 723 208 724 230 719 231 I
724 207 734 204 734 225 724 228 A
734 204 746 200 748 221 734 225 N
672 259 684 255 684 273 672 275 W
684 260 688 258 689 271 684 271 a
688 258 693 257 695 269 689 269 n
692 255 696 253 698 267 695 267 t
697 255 703 254 704 266 698 266 o
703 253 709 252 710 264 704 265 n
710 248 719 244 721 261 712 263 N
719 249 725 248 727 259 720 260 o
725 247 731 245 733 258 728 259 o
731 239 737 239 739 255 733 256 d
737 239 740 238 742 253 739 254 l
741 242 747 240 748 251 742 254 e
747 240 754 238 755 251 748 252 s
