55 37 79 37 74 68 53 68 t
80 25 95 26 91 65 74 66 h
94 46 113 46 111 67 93 66 e
122 42 145 43 136 70 120 69 t
142 50 156 50 155 69 136 68 a
158 50 175 52 174 73 158 72 s
176 43 194 45 191 73 176 72 t
193 53 207 55 205 72 190 71 e
208 52 226 55 223 75 205 73 s
51 71 62 71 60 90 52 90 f
63 71 69 71 66 90 61 89 l
70 75 79 76 78 90 65 91 a
81 76 91 76 89 91 81 90 v
93 76 104 77 101 92 91 92 o
105 77 116 78 115 93 103 92 u
116 78 124 79 122 93 115 93 r
126 77 137 79 135 95 123 94 s
148 102 159 103 157 118 146 117 A
159 106 168 107 166 120 157 120 p
170 106 177 106 175 121 167 121 p
179 106 185 107 185 118 177 118 e
186 104 190 104 191 120 185 120 t
191 102 195 103 195 119 191 119 i
195 105 199 106 199 119 195 120 t
199 107 209 109 208 119 200 119 e
105 116 118 117 117 131 106 130 D
117 118 121 118 121 131 118 131 i
123 121 129 121 129 131 122 131 n
130 119 135 119 134 132 130 131 i
136 121 143 121 142 132 135 132 n
144 120 153 121 151 136 141 136 g
156 120 167 120 166 134 156 133 E
167 123 175 123 174 133 167 134 a
176 120 178 120 178 135 175 134 i
179 118 183 119 182 134 179 134 l
183 121 187 121 186 134 183 133 i
188 123 196 123 195 134 187 134 a
197 123 205 123 205 135 196 134 n
310 59 329 61 329 84 309 83 D
331 61 337 62 336 84 331 84 I
338 62 353 63 353 86 336 85 N
354 63 360 64 360 86 355 86 I
361 64 378 65 378 87 361 87 N
379 65 400 66 400 89 380 88 G
303 122 319 123 317 135 303 134 M
319 122 326 122 327 137 316 136 A
327 123 336 124 336 136 327 135 R
336 124 340 124 340 137 336 137 I
342 124 352 125 350 136 340 136 N
353 124 359 124 360 138 350 137 A
360 126 366 126 366 138 361 138 :
367 126 373 126 373 138 367 138 S
374 126 382 126 381 139 373 139 O
383 127 391 127 389 140 382 139 U
392 126 398 127 398 139 390 139 A
399 127 405 128 405 139 399 139 R
406 128 412 128 412 140 405 141 E
803 208 821 207 820 226 807 228 V
820 208 828 208 828 228 821 229 I
829 209 842 209 843 229 830 229 C
842 208 858 208 859 230 843 230 H
859 208 875 208 874 228 862 230 Y
