1 224 10 224 10 240 0 240 R
13 222 26 223 24 239 12 239 K
27 222 36 222 36 238 26 238 E
38 221 50 221 49 238 37 239 T
52 223 62 224 61 241 50 240 p
65 224 72 226 73 241 63 241 l
75 228 85 229 88 244 74 242 a
88 229 100 230 100 246 88 244 c
102 229 111 228 111 246 101 245 e
277 30 279 49 239 46 239 31 b
279 52 280 66 242 64 243 49 r
281 69 281 77 242 72 243 66 i
281 78 280 91 243 84 243 74 g
281 94 278 109 242 100 245 87 h
277 111 275 121 239 110 241 102 t
332 0 333 21 291 12 294 0 w
329 22 327 37 288 31 290 15 a
326 38 325 50 288 42 288 32 l
324 52 322 67 288 58 289 44 k
