845 479 853 477 851 498 845 498 F
854 476 859 475 858 495 853 496 I
859 475 869 472 868 492 858 493 N
869 472 877 469 877 492 869 492 E
879 469 886 468 886 488 877 489 S
888 469 896 466 897 485 886 486 T
882 522 908 514 906 562 888 565 T
909 514 929 510 931 552 907 560 O
930 510 954 503 952 546 931 552 P
960 502 986 494 981 538 964 543 T
987 494 1013 487 1010 532 985 538 W
1012 486 1036 481 1034 523 1012 531 O
911 564 930 559 932 606 913 613 L
932 558 953 551 953 601 932 608 E
955 552 969 547 977 592 953 600 A
972 547 993 541 989 588 976 592 V
994 543 1012 535 1011 583 992 588 E
1013 535 1032 529 1033 576 1010 580 S
974 600 994 594 991 614 970 619 E
995 594 1010 589 1010 607 993 612 U
1013 589 1031 582 1031 600 1012 606 D
