534 142 543 141 545 159 533 158 L
544 142 549 141 549 158 545 158 i
550 140 557 140 556 157 550 158 f
556 144 563 142 565 157 556 158 t
499 195 512 195 508 210 499 209 P
511 198 518 197 519 208 509 209 a
520 198 527 197 528 208 521 209 s
528 196 536 196 535 209 529 209 s
538 197 545 197 546 208 536 208 a
546 197 556 196 556 211 548 211 g
557 196 566 196 564 208 557 208 e
567 196 574 195 575 206 566 207 s
545 214 556 214 556 229 545 229 R
556 218 565 218 566 229 556 229 e
567 217 574 217 574 229 566 228 s
575 215 580 214 581 229 575 230 t
581 215 588 215 587 228 582 228 r
588 216 596 215 597 228 589 228 o
597 216 606 215 606 227 598 227 o
607 215 621 215 623 226 606 228 m
604 256 615 253 616 271 604 272 C
617 259 624 259 625 269 616 271 a
625 258 631 256 631 270 625 270 r
633 257 641 257 641 274 633 273 p
642 257 649 256 650 270 642 270 s
650 257 656 256 656 271 651 270 r
657 254 664 252 667 269 656 270 k
692 432 708 431 712 446 691 446 M
715 432 725 432 727 446 716 446 E
732 431 742 430 744 447 731 446 E
746 432 757 430 757 447 748 447 T
761 431 774 430 776 447 763 447 S
