336 0 342 0 342 32 332 29 J
342 1 351 3 352 36 341 33 E
351 6 364 13 363 42 350 38 W
364 13 371 17 372 47 364 45 E
372 19 374 19 377 50 371 49 L
375 20 380 21 382 53 375 50 L
380 25 389 28 388 56 382 54 E
389 30 393 31 395 60 387 57 R
393 32 402 35 400 61 394 61 Y
849 152 860 151 861 167 848 167 S
861 151 870 150 872 168 862 167 A
870 149 882 149 885 167 873 168 L
883 149 895 149 897 166 885 167 E
850 184 863 184 863 201 851 200 G
863 186 869 186 869 199 865 199 r
869 186 876 186 877 198 869 199 a
877 187 886 185 887 198 878 198 n
886 182 895 181 896 198 886 198 d
