133 414 156 413 156 448 133 449 O
157 420 169 420 169 445 156 444 r
170 421 182 421 185 447 170 447 g
184 419 197 419 197 442 184 442 a
200 420 214 419 214 441 199 442 n
213 413 222 412 223 437 214 438 t
224 417 237 416 237 436 223 437 o
336 356 351 355 352 384 336 384 L
351 356 363 356 364 384 351 384 O
363 355 374 354 374 383 364 383 V
374 356 386 356 386 382 375 382 E
456 207 488 212 489 273 457 270 L
489 211 513 213 513 275 488 273 O
513 216 535 218 533 278 513 275 V
536 222 557 223 558 275 535 274 E
