561 169 592 169 592 191 558 190 H
592 168 625 168 622 191 592 191 E
627 168 652 168 657 191 622 190 A
655 167 689 167 692 192 656 190 D
525 243 540 238 545 251 532 254 H
541 238 556 233 560 245 547 250 E
557 232 570 228 577 241 561 245 A
573 227 588 223 592 236 578 241 D
836 186 853 186 853 199 835 200 L
854 186 864 186 857 200 854 200 I
861 190 869 190 868 196 860 196 -
874 186 889 186 885 200 870 200 N
891 186 896 186 892 199 888 198 I
898 185 916 184 912 199 895 198 N
919 185 934 185 928 200 914 199 G
927 314 943 314 943 339 927 339 S
947 316 965 317 967 340 944 338 A
969 316 990 318 991 344 968 342 L
994 319 1017 321 1016 347 992 344 E
