176 436 169 429 184 422 187 431 L
174 427 169 424 177 415 182 420 e
169 423 164 421 171 413 176 415 a
162 423 154 421 161 409 167 414 f
114 414 116 330 193 333 189 406 B
137 331 143 290 197 292 189 332 e
142 289 143 247 199 246 197 290 a
140 246 139 198 204 196 199 245 n
145 196 142 181 181 172 185 187 S
139 184 135 164 177 158 183 174 T
135 166 132 149 172 139 176 156 R
133 146 130 125 168 120 174 139 O
284 350 298 346 296 365 288 365 P
298 351 304 349 302 359 297 360 e
304 349 311 348 311 360 303 361 p
311 348 318 347 318 357 311 359 e
318 347 324 345 323 355 318 357 r
324 345 330 343 330 353 324 353 o
330 343 336 343 336 352 330 352 n
336 339 341 338 342 350 336 351 i
