136 37 142 33 144 58 137 60 C
142 33 147 32 150 57 144 58 A
148 31 154 30 155 54 149 56 T
154 30 162 27 163 53 155 54 H
161 26 167 24 171 50 163 51 A
166 23 176 21 177 48 171 49 Y
178 20 184 18 187 43 178 44 C
185 18 189 17 191 42 187 43 I
190 17 197 14 200 41 191 43 N
197 13 203 10 206 37 200 38 E
205 11 211 9 214 35 206 37 P
211 9 218 6 221 33 214 34 L
218 4 226 4 230 31 222 31 E
225 3 233 1 236 29 229 30 X
234 1 242 0 244 25 237 27 E
242 0 249 0 251 23 243 25 S
379 331 378 317 391 319 391 331 r
376 315 374 298 389 298 390 318 e
374 297 374 276 386 277 388 297 a
373 275 370 261 384 260 385 276 l
508 192 517 191 517 209 512 210 F
517 195 522 195 522 208 518 209 r
523 196 528 195 529 208 524 209 e
530 198 536 196 537 208 530 209 e
537 191 548 189 550 208 539 209 M
548 195 555 194 556 208 550 208 o
554 194 559 193 561 205 556 206 v
559 187 564 187 566 207 560 207 i
564 193 572 192 574 206 566 207 e
722 348 720 328 743 330 744 349 r
719 328 717 304 744 302 744 330 e
715 302 714 273 738 273 741 301 a
712 273 713 251 737 249 739 273 L
1004 362 1004 335 1038 341 1038 363 r
1002 335 1003 305 1034 305 1035 338 e
1003 303 1001 270 1034 270 1035 304 a
999 268 999 242 1031 240 1033 269 L
