329 193 343 188 346 205 333 208 H
344 187 353 186 356 205 345 206 S
354 185 363 183 365 200 356 203 B
363 181 378 180 378 198 366 199 C
366 205 376 203 376 215 369 216 P
375 205 381 204 380 215 376 216 r
381 205 386 203 387 213 381 214 e
386 202 395 201 396 209 386 211 m
394 198 399 196 399 210 396 211 i
398 200 405 199 405 206 399 207 e
405 197 409 196 409 207 405 207 r
807 237 839 229 845 258 816 265 C
841 228 874 219 881 251 847 259 H
877 219 904 212 911 246 883 252 E
906 211 938 203 943 238 914 243 V
940 205 969 198 981 230 947 238 R
977 198 1009 189 1020 219 984 228 O
1013 186 1052 175 1061 213 1021 219 N
1067 174 1108 162 1117 196 1075 208 H
1113 163 1149 153 1160 185 1121 197 O
1153 153 1185 145 1191 179 1164 185 U
