349 112 368 112 367 131 348 132 M
368 112 379 112 381 132 367 130 R
379 111 391 112 390 131 379 131 T
1009 25 1025 26 1025 46 1007 46 B
1027 25 1040 25 1040 47 1026 47 E
1042 27 1057 27 1057 48 1042 47 R
1058 27 1072 28 1069 47 1058 48 T
1074 29 1088 29 1088 49 1072 49 H
869 46 886 47 888 72 868 71 C
886 47 911 48 906 71 886 71 W
910 47 926 47 924 71 908 71 3
927 46 938 46 933 75 923 75 /
938 48 953 49 953 73 936 73 C
953 48 978 50 972 75 955 74 W
978 50 994 51 991 73 970 75 4
1017 51 1035 51 1031 76 1017 77 7
1035 53 1048 52 1048 77 1038 76 1
1050 53 1064 53 1062 77 1049 76 5
1064 52 1077 52 1068 79 1062 79 /
1075 55 1088 54 1084 77 1070 77 7
1090 54 1100 54 1100 78 1088 78 1
1103 54 1119 55 1112 79 1100 79 7
1150 56 1168 57 1161 81 1152 80 P
1169 56 1178 56 1179 81 1164 79 C
1180 58 1189 58 1189 82 1178 81 S
1193 58 1209 59 1208 82 1194 81 B
1210 64 1222 63 1221 82 1208 82 u
1223 64 1231 65 1231 82 1220 82 s
1187 454 1203 455 1205 489 1185 488 C
1203 457 1237 463 1232 496 1207 492 W
1239 463 1263 468 1258 506 1235 500 3
1005 454 1017 456 1016 480 1007 478 T
1018 458 1030 461 1028 483 1016 480 H
1029 464 1036 465 1040 488 1026 485 A
1039 468 1052 471 1051 493 1041 489 N
1053 472 1066 476 1067 499 1052 495 K
1071 479 1083 482 1079 505 1072 503 Y
1082 485 1097 487 1096 512 1082 508 O
1097 489 1114 493 1112 516 1098 513 U
1116 495 1134 501 1130 525 1118 522 F
1134 503 1148 508 1146 531 1132 527 O
1149 507 1167 515 1166 541 1148 535 R
1029 495 1042 497 1042 523 1029 521 Q
1042 500 1055 505 1055 527 1042 523 U
1056 505 1067 509 1066 533 1055 529 E
1068 510 1079 514 1079 537 1068 534 U
1081 515 1092 520 1091 545 1080 540 E
1092 520 1099 522 1099 549 1090 544 I
1100 524 1115 529 1113 554 1100 549 N
1117 531 1132 535 1131 562 1114 556 G
