483 163 490 163 490 195 484 194 t
489 167 495 167 495 195 490 195 o
496 167 504 166 504 196 497 196 a
505 166 511 165 510 196 506 196 s
511 163 518 162 517 197 511 197 t
536 158 536 173 529 172 528 159 W
536 173 536 180 527 179 527 172 O
535 181 535 188 526 187 526 180 R
535 188 536 197 527 196 526 189 K
574 150 586 149 585 175 575 176 O
586 148 597 148 595 175 586 175 P
598 148 608 147 607 175 597 175 E
608 147 622 147 621 175 608 175 N
576 176 585 176 585 200 576 199 E
585 176 594 176 595 201 584 201 A
594 176 606 176 605 200 594 200 R
606 177 611 177 615 200 606 201 L
612 176 626 175 622 201 616 202 Y
590 243 599 243 598 262 589 262 O
599 244 606 244 605 262 598 262 P
607 244 613 245 612 264 605 263 E
613 245 621 247 621 265 612 264 N
622 246 630 247 629 266 621 266 S
737 149 743 149 743 161 739 161 s
743 149 747 149 748 161 744 161 u
748 149 752 149 752 160 749 160 c
752 144 757 144 758 159 753 159 h
686 167 693 167 692 182 689 180 F
692 171 695 171 694 182 692 182 r
695 167 698 167 697 181 694 180 i
697 173 700 172 700 180 697 180 e
701 167 705 167 704 180 701 180 d
718 167 725 166 725 180 719 180 H
725 170 730 170 730 181 725 181 o
730 170 734 169 735 180 730 180 o
735 168 739 168 739 179 735 179 n
684 206 690 206 691 217 684 216 m
690 206 695 207 695 215 691 215 o
695 207 698 207 698 216 696 216 s
698 205 702 206 702 216 698 216 t
738 209 746 208 746 220 737 220 m
745 208 751 209 751 221 747 220 e
751 210 756 210 756 220 751 221 a
756 206 759 206 759 221 757 221 l
