679 219 694 217 689 252 675 252 y
694 222 703 222 700 242 690 241 o
704 219 717 219 714 241 702 240 u
725 213 744 210 734 240 719 240 N
742 218 753 218 748 239 736 238 o
757 207 769 206 764 239 750 239 t
771 214 786 213 781 239 764 239 e
785 203 801 202 793 240 780 239 ?
660 507 672 508 670 525 660 523 S
670 513 678 514 678 527 671 525 a
679 515 688 518 688 530 678 528 m
689 518 695 520 695 533 688 531 s
694 520 701 522 700 533 695 533 u
702 523 708 525 707 537 700 535 n
709 525 715 527 714 544 706 541 g
663 527 675 529 675 552 663 549 G
677 531 686 533 687 554 674 552 A
687 534 699 538 697 560 687 556 L
700 540 709 542 711 566 696 561 A
709 543 721 548 721 571 709 566 X
723 549 731 552 730 574 721 571 Y
735 553 748 559 747 585 733 578 N
748 567 756 570 756 588 747 586 o
756 568 766 570 765 594 756 590 t
767 575 775 579 775 597 765 594 e
