0 165 27 170 26 196 1 194 e
28 170 58 174 50 201 28 198 v
60 172 77 174 75 204 55 204 i
80 181 101 183 103 208 78 206 s
122 188 133 189 133 214 121 212 L
135 188 144 191 148 216 133 215 A
148 193 163 197 162 218 148 218 D
162 196 175 198 173 222 165 221 Y
174 198 180 197 178 205 174 206 '
178 199 188 199 187 224 177 223 S
452 212 463 206 462 235 452 235 e
462 210 472 211 471 237 464 236 c
474 212 481 213 479 239 471 237 c
482 214 490 215 488 242 478 241 o
1041 258 1081 248 1086 375 1054 376 S
1085 247 1113 244 1140 380 1088 375 A
1128 243 1171 234 1188 391 1139 386 L
1177 234 1235 221 1257 402 1192 393 E
