1151 142 1167 140 1168 159 1153 161 R
1168 144 1182 144 1183 158 1170 159 e
1184 144 1193 142 1195 156 1185 157 s
1196 142 1209 140 1210 155 1197 156 e
1211 141 1223 140 1221 154 1211 155 r
1223 140 1240 138 1234 154 1228 154 v
1241 138 1255 138 1255 153 1241 153 e
1256 132 1273 129 1273 151 1257 152 d
1164 171 1176 168 1178 186 1165 189 S
1177 172 1192 171 1193 187 1179 187 e
1194 171 1207 171 1209 186 1195 187 a
1209 169 1217 167 1219 185 1211 186 t
1220 165 1227 164 1227 185 1222 185 i
1230 169 1244 168 1245 183 1230 184 n
1246 167 1264 167 1263 189 1248 188 g
471 12 477 9 483 22 477 24 P
478 9 481 8 487 19 483 21 I
483 9 489 8 494 17 488 20 N
489 6 495 5 501 17 496 18 T
495 4 503 2 508 14 501 17 O
