237 528 245 525 245 559 236 561 3
245 525 250 521 250 552 245 554 1
250 520 258 516 257 550 248 552 3
668 405 677 406 677 430 668 428 C
677 407 683 407 685 431 677 430 L
684 408 695 409 694 434 685 432 U
695 409 704 410 704 436 695 435 B
707 411 716 410 715 437 706 437 3
716 412 723 411 724 440 716 438 1
726 413 737 413 736 441 723 440 3
689 141 706 142 707 164 689 162 R
708 141 721 142 722 164 707 164 E
724 142 741 143 740 164 722 165 D
742 144 754 145 755 164 742 165 E
757 144 776 146 775 166 756 165 M
777 145 790 146 791 167 777 166 P
791 145 809 147 806 168 795 167 T
809 147 817 147 817 168 809 168 I
820 148 837 149 837 169 819 168 O
839 149 856 150 857 171 839 170 N
1128 124 1144 124 1145 144 1127 144 C
1128 148 1146 147 1147 166 1127 166 O
1128 172 1147 170 1148 189 1130 191 N
1131 194 1147 192 1148 214 1132 214 C
1136 218 1145 218 1146 237 1137 237 I
1135 242 1148 242 1149 262 1135 262 E
1135 267 1151 267 1153 286 1136 287 R
1136 291 1154 289 1155 311 1135 310 G
1140 315 1154 315 1154 335 1138 335 E
1147 547 1163 547 1163 570 1147 570 E
1152 575 1161 573 1161 597 1154 598 I
1149 602 1168 600 1170 620 1146 622 C
