862 147 877 147 878 175 862 175 K
878 148 883 147 882 175 878 174 i
884 156 895 154 894 175 883 175 n
896 156 906 156 905 175 894 175 o
906 147 915 147 917 175 905 175 k
916 158 926 156 926 175 917 176 u
926 156 937 157 937 177 927 177 n
935 149 943 148 943 176 938 176 i
941 157 953 157 949 175 943 175 v
952 156 959 156 961 175 948 175 a
713 238 723 237 723 250 712 250 M
723 236 731 236 732 252 724 251 O
731 236 740 237 741 252 731 251 N
740 237 746 237 747 252 741 251 E
747 237 754 237 753 252 746 252 Y
708 251 716 251 716 266 708 267 C
716 252 722 251 722 268 716 267 H
722 253 729 252 730 268 722 268 A
730 252 738 252 738 268 730 268 N
739 252 747 253 748 270 739 269 G
748 254 754 253 754 269 748 269 E
754 254 760 254 762 269 753 268 R
