680 147 693 146 691 161 679 162 F
693 146 705 145 706 160 692 161 R
706 143 718 142 718 159 707 159 E
719 142 729 141 729 157 718 158 S
730 141 744 140 745 155 729 156 H
744 140 754 138 757 153 744 154 L
755 137 770 136 769 153 758 154 Y
702 167 716 165 718 180 703 181 C
717 165 731 163 731 178 718 179 U
731 163 746 162 743 177 731 179 T
694 189 707 188 705 205 695 205 F
707 188 719 187 721 202 706 203 R
722 187 735 186 735 201 722 201 U
734 186 744 185 744 201 736 202 I
745 185 758 184 755 200 744 200 T
