379 242 397 241 396 280 379 279 t
399 246 417 245 415 282 395 282 o
418 245 441 244 439 281 419 281 a
441 245 462 246 461 280 439 280 s
462 240 475 241 477 280 462 281 t
617 233 639 235 638 260 616 261 O
640 236 659 235 659 260 639 260 P
661 235 681 235 680 261 660 260 E
616 262 638 261 636 282 617 282 E
639 261 653 261 657 284 636 282 A
656 262 676 262 677 283 655 284 R
675 261 686 261 690 284 675 284 L
687 262 710 261 706 285 692 284 Y
881 262 888 261 888 270 882 270 a
887 261 893 260 893 270 888 270 n
894 260 901 260 901 271 894 271 d
779 287 787 286 786 296 779 296 y
787 286 793 286 792 295 787 296 o
793 287 799 287 798 295 793 295 u
798 286 803 286 802 294 798 294 r
832 284 835 285 835 295 832 294 i
836 287 843 287 843 294 836 295 m
845 287 851 287 851 299 844 297 p
852 287 856 288 856 295 851 295 o
856 287 860 287 860 295 856 295 r
860 286 864 284 865 295 861 295 t
864 288 868 287 869 295 865 295 a
869 288 875 288 876 295 870 296 n
875 286 879 286 880 295 876 295 t
578 324 594 323 593 341 580 341 O
594 324 607 323 605 341 594 341 P
608 323 619 323 620 342 608 342 E
621 322 634 323 633 342 620 341 N
635 324 648 324 648 342 635 342 S
591 364 603 362 602 378 593 378 D
603 362 610 362 613 378 603 378 A
612 364 615 363 616 378 613 378 I
615 363 622 363 624 377 617 378 L
623 364 633 364 632 378 624 378 Y
