686 263 696 263 696 284 687 285 O
695 261 701 260 701 284 696 284 F
702 260 709 258 709 283 702 284 F
868 272 921 270 921 320 868 324 M
925 268 956 268 969 321 919 323 A
965 267 1004 267 1010 321 969 321 R
1007 267 1047 265 1053 319 1009 321 K
1049 265 1090 263 1095 316 1052 319 S
1093 261 1132 259 1143 315 1098 316 &
872 325 906 323 910 373 874 374 S
907 323 943 322 943 373 911 373 P
943 322 979 321 981 375 945 375 E
977 321 1021 320 1023 374 979 374 N
1022 321 1063 319 1069 373 1023 373 C
1063 320 1103 318 1105 373 1070 374 E
1103 317 1144 317 1149 371 1105 373 R
