128 5 134 6 131 18 126 16 B
136 6 139 7 139 19 132 17 A
141 9 147 11 143 22 139 20 C
147 10 153 12 150 24 144 22 K
153 13 156 13 154 26 151 25 I
67 70 73 71 71 84 65 82 B
74 72 81 74 79 87 73 84 O
82 74 89 76 86 87 80 85 O
89 76 97 78 95 91 86 89 K
100 78 107 80 105 93 99 91 N
106 81 114 82 113 95 106 93 O
114 81 125 86 121 95 114 95 W
30 109 35 110 31 122 27 121 J
35 110 38 111 38 123 32 121 A
40 112 45 113 45 122 38 123 N
49 114 55 114 52 126 46 125 2
55 114 58 115 57 127 52 125 0
58 115 62 115 61 128 57 127 1
63 116 69 118 67 129 62 128 5
232 100 249 105 247 126 228 121 D
248 110 254 109 252 128 247 126 i
253 115 263 117 261 129 252 127 o
264 117 270 119 268 130 263 129 r
511 180 522 183 520 198 509 195 D
522 186 525 186 523 199 520 198 i
525 189 530 190 528 201 523 200 o
530 191 535 192 533 201 528 200 r
6 491 30 490 27 511 4 512 G
37 489 59 488 57 510 34 509 U
64 487 88 487 87 508 64 509 C
95 486 117 485 116 507 93 508 C
122 484 130 485 127 505 120 506 I
