285 277 309 281 300 335 277 332 5
309 282 332 285 322 337 301 334 o
330 286 347 289 344 322 327 319 %
325 322 333 322 332 334 326 334 O
334 323 338 322 336 337 333 338 F
339 322 342 323 341 337 335 336 F
277 406 290 407 287 426 277 425 N
290 407 297 406 296 425 288 425 E
297 406 310 405 305 422 297 423 W
311 404 318 404 317 421 309 420 L
319 404 323 404 321 421 317 421 I
322 403 330 403 328 419 321 419 N
331 403 336 403 336 419 328 419 E
337 403 345 403 343 418 337 419 S
356 402 363 400 360 416 354 416 F
363 400 369 400 366 415 359 415 U
369 400 375 399 374 414 367 414 R
374 399 379 398 378 414 374 414 T
379 397 386 396 385 412 380 412 H
387 396 391 396 390 411 386 411 E
391 396 396 396 397 410 390 411 R
1099 326 1116 326 1113 348 1099 346 D
1115 331 1125 332 1124 347 1115 346 e
1126 333 1136 333 1136 349 1125 348 s
1136 329 1142 329 1142 347 1137 348 i
1143 333 1152 334 1153 352 1140 351 g
1153 334 1165 335 1165 351 1153 349 u
1165 337 1175 337 1175 350 1165 349 a
1175 333 1181 333 1180 350 1176 349 l
277 334 297 336 289 373 270 373 S
297 337 310 338 308 373 289 373 A
311 337 327 339 322 372 309 373 L
327 339 341 341 336 372 322 372 E
