37 259 45 258 45 275 36 275 J
46 258 53 258 57 274 45 274 A
56 257 68 256 64 274 58 274 P
68 256 76 256 78 273 65 273 A
77 256 89 254 91 270 79 272 N
190 155 203 155 208 192 190 188 L
206 159 224 163 223 195 207 191 U
226 165 237 168 239 199 226 196 S
239 169 254 173 256 204 238 200 H
521 210 533 206 534 228 520 231 G
534 207 549 205 550 227 533 229 O
550 205 556 203 559 228 550 228 L
557 204 572 202 574 225 560 228 D
576 203 589 202 591 224 579 225 C
590 202 600 201 601 224 592 225 L
602 202 614 201 619 224 601 224 A
618 202 630 201 629 223 620 222 S
630 201 640 201 641 221 630 222 S
529 314 541 310 542 331 531 332 g
541 310 547 309 547 327 542 327 r
548 311 558 309 557 324 549 325 a
558 305 570 303 571 324 560 325 b
590 303 610 298 611 321 592 323 G
612 304 626 302 627 319 612 320 o
625 299 631 297 632 320 626 321 l
632 296 649 295 650 317 633 320 d
1190 225 1201 222 1201 252 1191 253 S
1203 222 1210 221 1215 250 1200 252 A
1211 220 1222 220 1225 249 1216 250 L
1221 220 1237 216 1239 248 1225 250 E
