171 75 187 80 191 115 171 107 L
187 86 205 93 205 117 189 113 u
204 94 222 100 220 123 204 119 n
222 101 232 104 232 128 219 125 c
230 96 246 101 246 133 230 129 h
250 106 263 108 262 139 248 134 S
263 114 276 119 272 147 258 143 p
277 121 285 124 284 145 271 142 e
287 124 295 128 293 148 287 146 c
294 122 299 123 299 150 294 149 i
299 130 308 133 308 151 299 150 a
307 127 315 129 314 154 309 153 l
316 136 323 137 321 158 313 155 s
446 136 460 136 460 155 447 155 c
460 137 472 136 472 155 462 155 r
475 138 489 137 490 153 472 153 u
489 137 504 136 506 155 492 153 n
505 139 517 135 519 154 505 154 c
520 130 534 129 537 154 522 154 h
536 135 552 134 548 162 537 162 y
430 592 444 584 445 632 430 640 F
443 598 452 594 451 620 445 623 r
452 592 459 587 460 611 453 615 e
459 583 467 576 468 602 461 607 s
465 567 474 562 475 595 468 598 h
474 555 480 555 478 593 474 593 l
476 569 484 564 483 606 477 607 y
