144 435 163 434 160 456 144 456 X
165 437 186 434 187 453 162 454 M
188 434 201 434 205 453 188 453 A
204 433 216 432 213 453 205 454 S
221 433 233 432 230 454 219 452 S
233 434 246 433 248 451 231 452 A
249 433 260 432 262 448 250 451 L
261 432 273 432 273 450 262 450 E
212 465 235 463 233 486 212 486 O
236 464 248 463 244 486 235 486 F
247 464 260 462 256 485 244 485 F
211 508 232 506 232 529 210 530 O
233 505 246 504 244 526 234 528 F
246 505 260 504 257 526 243 526 F
536 418 570 419 561 464 542 463 W
567 451 579 453 577 467 562 466 .
581 419 606 419 608 471 581 468 E
608 452 622 452 620 470 608 470 .
709 310 732 311 728 338 712 337 W
728 329 736 329 736 338 727 340 .
736 311 753 311 753 340 735 340 E
754 330 759 330 758 342 751 342 .
