278 130 302 127 304 159 282 162 M
301 126 313 125 318 158 305 159 A
315 125 330 124 333 155 317 156 R
390 81 402 79 403 95 394 96 B
402 83 408 82 410 93 403 94 a
408 78 416 77 418 93 409 94 b
417 81 426 80 426 94 418 95 y
428 76 437 74 437 89 429 90 F
438 79 447 77 446 89 437 90 o
448 77 455 75 456 87 447 88 o
455 71 465 70 466 86 455 88 d
405 108 417 107 419 123 406 124 D
417 107 422 106 423 121 419 121 i
422 110 428 109 430 120 422 121 a
428 108 438 108 438 122 430 123 p
437 107 446 106 447 119 439 119 e
445 106 453 106 452 117 446 117 r
453 106 460 104 461 116 452 117 s
390 139 403 138 405 153 392 154 M
403 138 407 139 409 152 404 152 i
406 137 411 136 413 153 409 152 l
412 136 419 135 422 151 413 152 k
423 134 433 134 433 148 424 149 P
433 138 442 137 444 147 435 149 o
443 137 454 135 454 147 444 149 w
454 131 463 129 463 146 454 146 d
464 134 470 132 472 144 464 145 e
472 132 480 131 478 143 472 143 r
385 504 394 504 392 522 384 522 D
394 504 402 504 401 519 393 519 A
401 501 411 500 410 519 400 519 R
411 501 421 499 419 518 409 517 U
421 499 429 498 428 517 418 517 E
