126 261 158 259 174 313 122 313 A
172 256 230 255 228 309 179 312 N
232 254 278 253 280 306 231 307 G
285 253 332 252 337 306 288 308 K
335 256 367 258 371 307 335 306 O
369 259 393 263 394 311 373 308 K
752 204 764 203 766 224 755 225 E
764 205 774 205 776 223 766 224 X
774 204 778 204 780 224 776 224 I
778 204 786 203 787 223 780 223 T
960 368 977 366 978 388 968 389 P
977 366 991 365 997 386 977 388 A
993 365 1008 364 1006 388 997 388 T
1009 363 1023 360 1028 384 1010 386 H
968 408 984 408 987 429 973 431 C
987 406 1006 407 1008 430 990 430 H
1007 406 1019 406 1024 429 1006 429 A
1020 405 1038 407 1037 429 1026 429 T
1030 245 1063 241 1067 306 1045 310 K
1062 239 1086 234 1094 301 1066 305 O
1087 232 1117 227 1129 294 1096 300 K
1045 309 1058 306 1065 329 1046 330 A
1060 306 1081 303 1083 324 1063 327 B
1082 302 1098 300 1104 323 1083 324 U
1100 299 1126 294 1129 322 1105 324 R
