155 63 169 62 171 82 157 84 $
170 64 183 63 185 81 171 82 8
188 65 200 64 202 80 188 81 8
201 64 211 63 214 82 202 82 8
212 64 224 64 226 81 214 82 8
203 259 211 258 214 269 203 270 L
211 257 223 256 224 269 214 269 O
223 255 231 254 236 267 223 269 A
231 254 243 253 241 265 235 265 V
243 253 250 251 251 263 243 264 E
251 251 258 250 259 263 252 264 S
268 248 278 246 279 259 270 261 R
279 246 288 246 289 257 279 259 O
289 245 294 245 296 256 290 257 L
294 243 300 243 303 255 296 256 L
301 242 308 241 310 254 303 255 S
351 180 369 178 368 204 358 205 V
369 177 380 176 385 203 368 204 A
379 177 388 175 397 199 383 201 L
391 175 408 174 410 198 396 200 U
409 174 422 171 427 198 411 200 E
427 171 441 170 447 196 429 198 B
440 170 458 167 463 194 447 196 U
459 168 479 164 477 193 463 194 Y
449 53 459 50 457 65 451 67 f
456 54 463 53 463 64 457 65 r
463 52 469 52 471 62 463 63 e
469 51 476 50 477 61 470 62 s
475 46 484 44 486 60 475 62 h
466 92 475 91 475 111 470 112 f
474 95 483 95 483 107 477 109 o
483 93 491 92 490 108 483 108 r
638 244 649 243 651 261 642 262 P
650 244 657 241 661 258 651 260 A
656 241 666 239 668 256 661 257 S
665 239 673 237 673 256 668 256 T
673 237 680 236 682 253 673 254 R
679 235 684 234 685 251 681 252 I
684 234 691 233 692 248 684 250 E
691 232 697 231 699 248 693 250 S
