126 341 146 340 146 371 128 372 S
148 342 162 342 165 370 146 370 A
162 342 173 340 176 366 163 368 L
94 641 107 640 106 657 95 658 s
107 642 115 641 118 657 107 657 a
115 636 123 635 124 658 119 659 l
124 640 136 640 136 656 125 658 e
220 225 241 225 240 273 221 272 S
241 228 253 228 258 272 238 272 A
254 228 266 229 271 272 256 271 L
268 230 285 229 286 274 272 273 E
238 335 259 332 259 378 243 380 S
259 334 270 333 275 373 258 376 A
272 332 282 331 285 369 275 372 L
282 328 297 327 298 367 286 370 E
