918 361 944 360 939 404 922 402 F
945 361 966 364 963 410 940 404 U
966 366 988 370 989 418 963 410 R
985 371 1011 372 1008 421 985 416 T
1010 373 1039 377 1040 433 1008 423 H
1042 378 1071 382 1070 437 1040 431 E
1068 380 1100 385 1106 447 1070 442 R
910 407 927 410 928 453 908 448 D
929 411 938 411 937 457 926 454 I
940 415 959 418 955 467 935 462 S
958 421 982 427 979 472 954 467 C
981 428 1007 431 1004 484 979 476 O
1007 433 1036 441 1034 492 1005 485 U
1037 441 1069 449 1070 504 1036 495 N
1069 451 1103 458 1093 515 1074 508 T
1106 461 1133 467 1136 528 1098 513 S
