111 350 123 351 119 371 106 370 C
124 350 131 351 129 372 119 370 h
131 349 137 349 132 371 127 370 i
133 356 139 355 136 369 132 369 c
139 356 145 355 145 370 138 370 e
147 350 155 350 152 369 144 369 k
156 355 165 355 161 370 153 369 e
165 354 174 353 171 370 162 370 n
101 375 112 375 107 396 96 396 S
111 381 119 380 118 396 108 397 e
120 379 128 378 125 396 119 396 t
370 267 379 292 364 305 358 280 K
378 292 385 299 374 317 365 307 I
383 301 396 310 386 331 374 322 T
394 311 406 312 403 335 387 333 C
405 312 419 307 421 328 404 336 H
418 308 429 296 437 312 424 325 E
429 295 438 277 447 289 439 308 N
483 246 502 249 499 276 481 273 H
502 256 513 257 509 277 499 275 O
513 256 523 258 521 278 509 275 L
525 260 530 261 530 281 521 278 I
532 261 543 263 539 282 531 280 D
544 263 550 263 551 283 540 281 A
551 264 562 265 558 284 551 283 Y
501 170 518 169 514 191 496 190 D
517 174 527 175 525 190 514 189 e
528 175 538 176 538 188 526 188 a
540 169 547 169 544 189 537 189 l
547 175 556 175 554 191 544 190 s
479 274 497 275 493 298 477 297 P
496 278 506 280 505 298 492 298 L
508 282 518 283 517 302 505 301 A
517 283 528 284 527 302 517 300 T
528 285 538 285 536 303 528 302 T
537 285 547 286 548 305 536 304 E
547 286 557 287 558 305 548 305 R
521 323 528 323 527 335 523 335 .
528 310 538 310 536 332 528 332 5
539 311 548 311 546 332 536 332 0
